G.U.N.T. Gerдtebau GmbH
CE310.02



lambda0	0.00mS/cm
lambda_inf	0.00mS/cm
c0	0.00mol/l
k	0.00l/mol/s
T2_m	NaN°C
T3_m	0.00°C

Time	lambda1	lambda2
1.26	0.00	0.00
1.72	0.00	0.00
2.26	0.00	0.00
2.76	0.00	0.00
3.22	0.54	0.39
3.76	0.59	0.39
4.26	0.63	0.39
4.72	0.63	0.39
5.22	0.63	0.39
5.72	0.63	0.39
6.22	0.63	0.39
6.72	0.63	0.39
7.22	0.63	0.39
7.72	0.63	0.39
8.22	0.63	0.39
8.72	0.63	0.39
9.22	0.63	0.39
9.72	0.59	0.39
10.22	0.59	0.39
10.72	0.59	0.39
11.22	0.59	0.39
11.72	0.59	0.44
12.22	0.59	0.44
12.72	0.59	0.44
13.22	0.59	0.44
13.72	0.59	0.44
14.22	0.59	0.44
14.72	0.59	0.44
15.22	0.59	0.44
15.72	0.59	0.44
16.22	0.59	0.44
16.72	0.59	0.44
17.22	0.59	0.44
17.72	0.59	0.44
18.22	0.63	0.44
18.72	0.63	0.44
19.22	0.63	0.44
19.72	0.63	0.44
20.22	0.59	0.39
20.72	0.63	0.44
21.22	0.59	0.39
21.72	0.63	0.39
22.22	0.59	0.39
22.72	0.59	0.44
23.22	0.59	0.44
23.72	0.59	0.44
24.22	0.59	0.44
24.72	0.59	0.44
25.22	0.59	0.44
25.72	0.63	0.44
26.22	0.59	0.44
26.72	0.59	0.44
27.22	0.59	0.44
27.72	0.59	0.44
28.22	0.59	0.44
28.72	0.63	0.39
29.22	0.59	0.39
29.72	0.59	0.44
30.22	0.59	0.39
30.72	0.59	0.39
31.22	0.59	0.39
31.72	0.63	0.39
32.22	0.63	0.39
32.72	0.63	0.39
33.22	0.63	0.39
33.72	0.63	0.44
34.22	0.63	0.44
34.72	0.63	0.44
35.22	0.63	0.44
35.72	0.63	0.44
36.22	0.63	0.44
36.72	0.63	0.44
37.22	0.63	0.44
37.72	0.63	0.44
38.22	0.59	0.39
38.72	0.63	0.44
39.22	0.63	0.44
39.72	0.63	0.44
40.22	0.63	0.39
40.72	0.59	0.44
41.22	0.59	0.39
41.72	0.59	0.44
42.22	0.63	0.39
42.72	0.63	0.44
43.22	0.63	0.44
43.72	0.63	0.44
44.22	0.63	0.44
44.72	0.63	0.39
45.22	0.63	0.39
45.72	0.63	0.39
46.22	0.63	0.39
46.72	0.63	0.39
47.22	0.63	0.39
47.72	0.63	0.39
48.22	0.59	0.39
48.72	0.59	0.39
49.22	0.59	0.39
49.72	0.59	0.39
50.22	0.59	0.39
50.72	0.59	0.39
51.22	0.59	0.39
51.72	0.59	0.39
52.22	0.59	0.39
52.72	0.59	0.39
53.22	0.63	0.39
53.72	0.63	0.39
54.22	0.63	0.39
54.72	0.63	0.39
55.22	0.63	0.39
55.72	0.63	0.39
56.22	0.63	0.39
56.72	0.63	0.39
57.22	0.63	0.44
57.72	0.63	0.39
58.22	0.63	0.44
58.72	0.63	0.44
59.22	0.63	0.44
59.72	0.63	0.44
60.22	0.63	0.44
60.72	0.63	0.44
61.22	0.63	0.44
61.72	0.63	0.44
62.22	0.63	0.44
62.72	0.63	0.44
63.22	0.63	0.44
63.72	0.63	0.44
64.22	0.63	0.44
64.72	0.63	0.44
65.22	0.63	0.44
65.72	0.63	0.44
66.22	0.63	0.44
66.72	0.63	0.44
67.22	0.63	0.44
67.72	0.63	0.44
68.22	0.63	0.44
68.72	0.63	0.44
69.22	0.63	0.44
69.72	0.63	0.44
70.22	0.63	0.44
70.72	0.63	0.44
71.22	0.63	0.44
71.72	0.63	0.44
72.22	0.63	0.44
72.72	0.63	0.44
73.22	0.63	0.44
73.72	0.63	0.44
74.22	0.63	0.44
74.72	0.63	0.44
75.22	0.63	0.44
75.72	0.63	0.44
76.22	0.63	0.44
76.72	0.63	0.44
77.22	0.63	0.44
77.72	0.63	0.44
78.22	0.63	0.44
78.72	0.63	0.44
79.22	0.63	0.49
79.72	0.63	0.44
80.22	0.63	0.44
80.72	0.63	0.44
81.22	0.63	0.44
81.72	0.63	0.49
82.22	0.63	0.49
82.72	0.63	0.49
83.22	0.63	0.49
83.72	0.63	0.44
84.22	0.63	0.44
84.72	0.63	0.44
85.22	0.63	0.44
85.72	0.63	0.44
86.22	0.63	0.44
86.72	0.63	0.44
87.22	0.63	0.44
87.72	0.63	0.49
88.22	0.63	0.49
88.72	0.63	0.49
89.22	0.63	0.49
89.72	0.63	0.49
90.22	0.63	0.49
90.72	0.63	0.49
91.22	0.63	0.49
91.72	0.63	0.49
92.22	0.63	0.49
92.72	0.63	0.49
93.22	0.63	0.44
93.72	0.63	0.49
94.23	0.63	0.44
94.72	0.63	0.49
95.24	0.63	0.44
95.72	0.63	0.49
96.22	0.63	0.49
96.72	0.63	0.49
97.22	0.63	0.49
97.72	0.63	0.49
98.22	0.63	0.49
98.72	0.63	0.49
99.22	0.63	0.44
99.72	0.63	0.49
100.22	0.63	0.44
100.72	0.63	0.49
101.21	0.63	0.44
101.72	0.63	0.44
102.22	0.63	0.44
102.72	0.68	0.44
103.22	0.63	0.44
103.72	0.63	0.44
104.22	0.68	0.44
104.72	0.68	0.44
105.22	0.68	0.44
105.72	0.68	0.44
106.22	0.63	0.44
106.72	0.63	0.44
107.22	0.63	0.44
107.72	0.63	0.44
108.22	0.63	0.44
108.72	0.63	0.44
109.21	0.63	0.44
109.72	0.63	0.44
110.22	0.63	0.44
110.72	0.63	0.44
111.22	0.63	0.44
111.72	0.63	0.44
112.22	0.63	0.44
112.72	0.63	0.44
113.21	0.63	0.44
113.72	0.63	0.44
114.22	0.63	0.44
114.72	0.63	0.44
115.22	0.63	0.44
115.72	0.63	0.44
116.22	0.63	0.44
116.72	0.63	0.44
117.22	0.63	0.44
117.72	0.63	0.44
118.22	0.63	0.44
118.72	0.59	0.44
119.22	0.59	0.44
119.72	0.59	0.44
120.22	0.59	0.44
120.72	0.59	0.44
121.22	0.59	0.44
121.72	0.59	0.44
122.22	0.59	0.44
122.72	0.59	0.44
123.21	0.59	0.44
123.72	0.59	0.44
124.22	0.59	0.44
124.72	0.59	0.39
125.22	0.59	0.39
125.72	0.59	0.39
126.22	0.59	0.39
126.72	0.59	0.39
127.22	0.54	0.39
127.72	0.54	0.39
128.21	0.54	0.39
128.72	0.54	0.39
129.22	0.54	0.39
129.72	0.54	0.39
130.22	0.54	0.39
130.72	0.54	0.39
131.21	0.54	0.44
131.72	0.54	0.44
132.22	0.54	0.44
132.72	0.54	0.44
133.22	0.59	0.44
133.72	1.32	0.44
134.22	2.34	0.44
134.72	3.56	0.44
135.21	4.79	0.44
135.72	6.05	0.39
136.22	7.18	0.44
136.72	8.25	0.39
137.21	9.23	0.39
137.72	10.11	0.39
138.21	10.89	0.39
138.72	11.47	0.39
139.22	12.06	0.44
139.72	12.55	0.44
140.21	13.04	0.44
140.72	13.48	0.44
141.22	13.87	0.44
141.72	14.16	0.44
142.21	14.45	0.44
142.72	14.65	0.44
143.22	14.84	0.44
143.72	14.99	0.44
144.22	15.14	0.44
144.72	15.23	0.44
145.21	15.33	0.44
145.72	15.38	0.44
146.21	15.43	0.44
146.72	15.53	0.44
147.21	15.53	0.44
147.72	15.58	0.44
148.22	15.58	0.44
148.72	15.62	0.44
149.21	15.62	0.44
149.72	15.67	0.44
150.21	15.67	0.44
150.72	15.67	0.44
151.21	15.67	0.44
151.72	15.67	0.49
152.21	15.67	0.44
152.72	15.72	0.49
153.22	15.72	0.49
153.72	15.72	0.49
154.22	15.72	0.44
154.72	15.72	0.49
155.22	15.72	0.44
155.72	15.72	0.49
156.21	15.72	0.44
156.72	15.72	0.44
157.22	15.72	0.44
157.72	15.72	0.44
158.21	15.72	0.44
158.72	15.72	0.44
159.21	15.72	0.44
159.72	15.72	0.44
160.22	15.72	0.44
160.72	15.72	0.44
161.21	15.72	0.44
161.72	15.72	0.44
162.22	15.72	0.44
162.72	15.72	0.44
163.21	15.72	0.49
163.72	15.72	0.44
164.21	15.72	0.49
164.72	15.72	0.44
165.22	15.72	0.44
165.72	15.72	0.44
166.22	15.72	0.44
166.72	15.72	0.44
167.22	15.72	0.44
167.72	15.72	0.44
168.21	15.72	0.44
168.72	15.72	0.44
169.22	15.72	0.44
169.72	15.72	0.44
170.21	15.72	0.44
170.72	15.72	0.44
171.21	15.72	0.44
171.72	15.67	0.44
172.22	15.67	0.44
172.72	15.67	0.44
173.22	15.67	0.44
173.72	15.67	0.44
174.21	15.67	0.44
174.72	15.67	0.44
175.21	15.67	0.44
175.72	15.67	0.44
176.22	15.67	0.44
176.72	15.67	0.44
177.21	15.67	0.44
177.72	15.67	0.44
178.22	15.67	0.39
178.72	15.67	0.39
179.21	15.67	0.44
179.72	15.67	0.44
180.21	15.67	0.44
180.72	15.67	0.44
181.21	15.67	0.44
181.72	15.67	0.44
182.21	15.67	0.44
182.72	15.67	0.44
183.22	15.67	0.44
183.72	15.67	0.44
184.21	15.67	0.44
184.72	15.67	0.44
185.21	15.67	0.44
185.72	15.67	0.44
186.21	15.67	0.44
186.72	15.67	0.44
187.21	15.62	0.44
187.72	15.62	0.44
188.22	15.62	0.44
188.72	15.62	0.44
189.21	15.62	0.44
189.72	15.62	0.44
190.21	15.67	0.44
190.72	15.67	0.39
191.22	15.67	0.44
191.72	15.67	0.44
192.22	15.67	0.44
192.72	15.67	0.39
193.22	15.67	0.39
193.72	15.67	0.39
194.22	15.67	0.39
194.72	15.67	0.39
195.21	15.67	0.39
195.72	15.67	0.39
196.22	15.67	0.39
196.72	15.67	0.39
197.21	15.67	0.39
197.72	15.67	0.39
198.21	15.67	0.39
198.72	15.67	0.39
199.22	15.67	0.39
199.72	15.67	0.39
200.21	15.67	0.44
200.72	15.67	0.39
201.21	15.67	0.44
201.72	15.67	0.39
202.21	15.67	0.39
202.72	15.67	0.39
203.21	15.62	0.39
203.72	15.62	0.39
204.21	15.62	0.39
204.72	15.62	0.39
205.21	15.62	0.39
205.72	15.62	0.39
206.21	15.62	0.39
206.72	15.62	0.39
207.21	15.62	0.39
207.72	15.62	0.39
208.22	15.62	0.39
208.72	15.62	0.39
209.21	15.62	0.39
209.72	15.62	0.39
210.21	15.62	0.39
210.72	15.62	0.39
211.21	15.62	0.39
211.72	15.62	0.39
212.21	15.62	0.39
212.72	15.62	0.39
213.21	15.62	0.39
213.72	15.62	0.39
214.21	15.62	0.39
214.72	15.62	0.39
215.21	15.62	0.39
215.72	15.62	0.39
216.21	15.62	0.39
216.72	15.62	0.39
217.21	15.62	0.39
217.72	15.62	0.39
218.22	15.62	0.44
218.72	15.62	0.44
219.21	15.62	0.44
219.72	15.62	0.44
220.21	15.62	0.44
220.72	15.62	0.39
221.21	15.62	0.39
221.72	15.62	0.39
222.21	15.62	0.44
222.72	15.62	0.44
223.21	15.62	0.44
223.72	15.62	0.44
224.21	15.62	0.39
224.72	15.62	0.39
225.21	15.62	0.39
225.72	15.62	0.39
226.21	15.62	0.44
226.72	15.62	0.44
227.21	15.62	0.44
227.72	15.62	0.39
228.21	15.62	0.39
228.72	15.62	0.39
229.21	15.62	0.39
229.72	15.62	0.39
230.21	15.62	0.39
230.72	15.62	0.39
231.21	15.62	0.39
231.72	15.62	0.39
232.21	15.62	0.39
232.72	15.62	0.39
233.21	15.62	0.39
233.72	15.62	0.39
234.21	15.62	0.39
234.72	15.62	0.39
235.21	15.62	0.39
235.72	15.62	0.39
236.21	15.62	0.39
236.72	15.62	0.39
237.21	15.62	0.39
237.72	15.62	0.39
238.21	15.62	0.39
238.72	15.62	0.39
239.21	15.62	0.34
239.72	15.62	0.34
240.21	15.62	0.34
240.72	15.62	0.34
241.21	15.62	0.34
241.72	15.62	0.34
242.21	15.62	0.34
242.72	15.62	0.34
243.21	15.62	0.34
243.72	15.62	0.34
244.21	15.62	0.34
244.72	15.62	0.34
245.21	15.62	0.39
245.72	15.62	0.39
246.21	15.62	0.39
246.72	15.62	0.39
247.21	15.62	0.39
247.72	15.62	0.44
248.21	15.62	0.44
248.72	15.62	0.44
249.21	15.62	0.54
249.72	15.62	0.54
250.21	15.62	0.54
250.72	15.62	0.68
251.21	15.62	0.83
251.72	15.62	0.88
252.21	15.62	0.98
252.72	15.62	1.07
253.21	15.62	1.17
253.72	15.62	1.32
254.21	15.62	1.46
254.72	15.62	1.61
255.21	15.62	1.66
255.72	15.62	1.90
256.21	15.62	2.10
256.72	15.62	2.20
257.21	15.62	2.39
257.72	15.62	2.49
258.21	15.62	2.64
258.72	15.62	2.78
259.21	15.62	2.88
259.72	15.62	2.98
260.21	15.62	3.03
260.72	15.62	3.27
261.21	15.62	3.32
261.72	15.62	3.52
262.21	15.62	3.76
262.72	15.62	3.91
263.21	15.62	4.00
263.72	15.62	4.20
264.21	15.62	4.30
264.72	15.62	4.49
265.21	15.62	4.64
265.72	15.62	4.74
266.21	15.62	4.79
266.72	15.62	5.03
267.21	15.62	5.18
267.72	15.62	5.22
268.21	15.62	5.32
268.72	15.62	5.47
269.21	15.62	5.57
269.72	15.62	5.66
270.21	15.62	5.76
270.72	15.62	5.86
271.21	15.62	5.91
271.72	15.62	6.01
272.21	15.62	6.10
272.72	15.62	6.20
273.21	15.62	6.35
273.72	15.62	6.45
274.21	15.62	6.54
274.72	15.62	6.64
275.21	15.62	6.74
275.72	15.62	6.79
276.21	15.62	6.84
276.72	15.62	6.84
277.21	15.62	6.93
277.72	15.62	6.93
278.21	15.62	7.03
278.72	15.62	7.13
279.21	15.62	7.18
279.72	15.62	7.18
280.21	15.62	7.23
280.72	15.62	7.23
281.21	15.62	7.23
281.72	15.58	7.23
282.21	15.58	7.28
282.72	15.62	7.28
283.21	15.62	7.32
283.72	15.62	7.32
284.21	15.62	7.32
284.72	15.62	7.37
285.22	15.62	7.37
285.72	15.62	7.37
286.21	15.62	7.42
286.72	15.62	7.42
287.21	15.62	7.42
287.72	15.62	7.42
288.22	15.62	7.42
288.72	15.62	7.42
289.22	15.62	7.42
289.72	15.62	7.42
290.21	15.62	7.42
290.72	15.62	7.42
291.22	15.62	7.42
291.72	15.62	7.42
292.21	15.62	7.42
292.72	15.62	7.47
293.21	15.62	7.47
293.72	15.62	7.47
294.22	15.62	7.47
294.72	15.62	7.47
295.21	15.62	7.47
295.72	15.62	7.47
296.21	15.62	7.47
296.72	15.62	7.47
297.22	15.62	7.47
297.72	15.62	7.47
298.21	15.62	7.47
298.72	15.62	7.47
299.21	15.62	7.47
299.72	15.62	7.47
300.21	15.62	7.47
300.72	15.62	7.47
301.21	15.62	7.47
301.72	15.62	7.47
302.22	15.62	7.47
302.72	15.62	7.47
303.21	15.62	7.42
303.72	15.62	7.42
304.21	15.62	7.42
304.72	15.62	7.42
305.21	15.62	7.42
305.72	15.62	7.42
306.21	15.62	7.42
306.72	15.62	7.42
307.21	15.62	7.47
307.72	15.62	7.47
308.21	15.62	7.52
308.72	15.62	7.57
309.21	15.62	7.57
309.72	15.62	7.57
310.21	15.62	7.57
310.72	15.62	7.57
311.22	15.62	7.62
311.72	15.62	7.62
312.21	15.62	7.62
312.72	15.62	7.62
313.21	15.62	7.62
313.72	15.62	7.67
314.21	15.62	7.67
314.72	15.62	7.67
315.21	15.62	7.67
315.72	15.62	7.67
316.21	15.62	7.67
316.72	15.62	7.71
317.21	15.62	7.71
317.72	15.62	7.71
318.21	15.62	7.71
318.72	15.62	7.71
319.21	15.62	7.71
319.72	15.62	7.71
320.21	15.62	7.71
320.72	15.62	7.71
321.21	15.62	7.71
321.72	15.62	7.71
322.21	15.62	7.71
322.72	15.62	7.76
323.21	15.62	7.76
323.72	15.62	7.76
324.21	15.62	7.76
324.72	15.62	7.76
325.21	15.62	7.76
325.72	15.58	7.76
326.22	15.58	7.76
326.72	15.58	7.76
327.23	15.58	7.76
327.72	15.58	7.76
328.24	15.62	7.76
328.72	15.62	7.76
329.22	15.62	7.76
329.72	15.62	7.76
330.21	15.58	7.76
330.72	15.62	7.76
331.21	15.62	7.81
331.72	15.62	7.81
332.21	15.62	7.81
332.72	15.62	7.81
333.21	15.62	7.81
333.72	15.62	7.81
334.21	15.62	7.81
334.72	15.62	7.81
335.21	15.62	7.81
335.72	15.62	7.81
336.21	15.62	7.81
336.72	15.62	7.81
337.21	15.62	7.81
337.72	15.62	7.81
338.21	15.62	7.81
338.72	15.62	7.81
339.22	15.62	7.81
339.72	15.62	7.81
340.21	15.62	7.81
340.72	15.62	7.81
341.21	15.62	7.81
341.72	15.62	7.81
342.22	15.62	7.81
342.72	15.62	7.81
343.21	15.62	7.81
343.72	15.62	7.81
344.22	15.62	7.81
344.72	15.62	7.81
345.21	15.62	7.81
345.72	15.62	7.81
346.21	15.62	7.81
346.72	15.62	7.81
347.21	15.62	7.81
347.72	15.62	7.81
348.21	15.62	7.81
348.72	15.62	7.81
349.22	15.62	7.81
349.72	15.62	7.81
350.22	15.62	7.81
350.72	15.62	7.81
351.22	15.62	7.81
351.72	15.62	7.81
352.22	15.62	7.81
352.72	15.62	7.81
353.22	15.62	7.81
353.72	15.62	7.81
354.21	15.62	7.86
354.72	15.62	7.86
355.22	15.62	7.86
355.72	15.62	7.86
356.21	15.62	7.86
356.72	15.62	7.86
357.21	15.62	7.86
357.72	15.62	7.86
358.22	15.62	7.86
358.72	15.62	7.86
359.22	15.62	7.86
359.72	15.62	7.86
360.22	15.62	7.86
360.72	15.62	7.86
361.22	15.62	7.86
361.72	15.62	7.86
362.22	15.62	7.86
362.72	15.62	7.86
363.22	15.62	7.86
363.72	15.62	7.86
364.22	15.62	7.86
364.72	15.62	7.86
365.22	15.62	7.81
365.72	15.62	7.86
366.22	15.62	7.86
366.72	15.62	7.86
367.22	15.62	7.86
367.72	15.62	7.86
368.22	15.62	7.86
368.72	15.62	7.86
369.22	15.62	7.86
369.72	15.62	7.86
370.22	15.62	7.86
370.72	15.62	7.86
371.22	15.62	7.86
371.72	15.62	7.86
372.22	15.62	7.86
372.72	15.62	7.86
373.22	15.62	7.86
373.72	15.62	7.81
374.22	15.62	7.81
374.72	15.62	7.86
375.22	15.62	7.86
375.72	15.58	7.86
376.22	15.58	7.86
376.72	15.58	7.86
377.22	15.62	7.86
377.72	15.62	7.86
378.22	15.62	7.86
378.72	15.62	7.86
379.22	15.62	7.86
379.72	15.62	7.86
380.22	15.62	7.86
380.72	15.62	7.86
381.22	15.62	7.86
381.72	15.62	7.86
382.22	15.62	7.86
382.72	15.62	7.86
383.21	15.62	7.86
383.72	15.62	7.86
384.22	15.62	7.86
384.72	15.62	7.86
385.22	15.62	7.86
385.72	15.62	7.86
386.22	15.62	7.86
386.72	15.62	7.86
387.22	15.62	7.86
387.72	15.62	7.86
388.22	15.62	7.86
388.72	15.62	7.86
389.22	15.62	7.86
389.72	15.62	7.86
390.22	15.62	7.86
390.72	15.62	7.86
391.22	15.62	7.86
391.72	15.62	7.86
392.22	15.62	7.86
392.72	15.62	7.86
393.22	15.62	7.86
393.72	15.62	7.86
394.22	15.62	7.86
394.72	15.62	7.91
395.22	15.62	7.91
395.72	15.62	7.91
396.22	15.62	7.91
396.72	15.62	7.86
397.22	15.62	7.86
397.72	15.62	7.86
398.22	15.62	7.86
398.72	15.62	7.86
399.22	15.62	7.86
399.72	15.62	7.86
400.22	15.62	7.86
400.72	15.62	7.86
401.22	15.62	7.86
401.72	15.62	7.86
402.22	15.62	7.86
402.72	15.62	7.86
403.22	15.62	7.86
403.72	15.62	7.86
404.22	15.62	7.86
404.72	15.62	7.86
405.22	15.62	7.86
405.72	15.62	7.86
406.22	15.62	7.86
406.72	15.62	7.86
407.22	15.62	7.86
407.72	15.62	7.86
408.22	15.62	7.86
408.72	15.62	7.86
409.22	15.62	7.86
409.72	15.62	7.86
410.22	15.62	7.86
410.72	15.62	7.86
411.22	15.62	7.86
411.72	15.62	7.86
412.22	15.62	7.86
412.72	15.62	7.86
413.22	15.62	7.86
413.72	15.62	7.86
414.22	15.62	7.86
414.72	15.62	7.86
415.22	15.62	7.86
415.72	15.62	7.86
416.22	15.62	7.86
416.72	15.62	7.86
417.22	15.62	7.86
417.72	15.62	7.86
418.22	15.62	7.86
418.72	15.62	7.86
419.22	15.62	7.86
419.72	15.62	7.86
420.22	15.62	7.86
420.72	15.62	7.86
421.22	15.62	7.86
421.73	15.62	7.86
422.23	15.62	7.86
422.74	15.62	7.86
423.22	15.62	7.86
423.72	15.62	7.86
424.22	15.62	7.86
424.72	15.62	7.86
425.22	15.62	7.86
425.72	15.62	7.86
426.22	15.62	7.86
426.72	15.62	7.86
427.23	15.62	7.86
427.72	15.62	7.86
428.22	15.62	7.86
428.72	15.62	7.86
429.22	15.62	7.86
429.72	15.62	7.86
430.22	15.62	7.86
430.72	15.62	7.86
431.22	15.62	7.86
431.72	15.62	7.86
432.22	15.62	7.86
432.72	15.62	7.86
433.22	15.62	7.86
433.72	15.62	7.86
434.22	15.62	7.86
434.72	15.62	7.86
435.22	15.62	7.86
435.72	15.62	7.86
436.22	15.62	7.86
436.72	15.62	7.86
437.22	15.62	7.86
437.72	15.62	7.86
438.22	15.62	7.86
438.72	15.62	7.86
439.22	15.58	7.86
439.72	15.58	7.86
440.22	15.58	7.86
440.72	15.58	7.86
441.22	15.58	7.86
441.72	15.62	7.86
442.24	15.58	7.86
442.74	15.58	7.86
443.22	15.58	7.86
443.74	15.58	7.86
444.22	15.62	7.86
444.72	15.62	7.86
445.22	15.62	7.86
445.72	15.62	7.86
446.22	15.62	7.86
446.72	15.62	7.86
447.22	15.62	7.86
447.72	15.62	7.86
448.22	15.62	7.86
448.72	15.62	7.86
449.22	15.62	7.86
449.72	15.58	7.86
450.22	15.58	7.86
450.72	15.58	7.86
451.22	15.62	7.86
451.72	15.62	7.86
452.22	15.58	7.86
452.72	15.58	7.86
453.22	15.58	7.86
453.72	15.58	7.86
454.22	15.62	7.86
454.72	15.62	7.86
455.22	15.62	7.86
455.72	15.62	7.86
456.22	15.62	7.86
456.72	15.58	7.86
457.22	15.58	7.86
457.72	15.58	7.86
458.22	15.58	7.86
458.72	15.58	7.86
459.22	15.58	7.86
459.72	15.58	7.86
460.22	15.58	7.86
460.72	15.53	7.86
461.22	15.38	7.86
461.72	15.33	7.86
462.22	15.33	7.91
462.72	15.28	7.91
463.22	15.23	7.86
463.72	15.19	7.86
464.22	15.14	7.86
464.72	15.14	7.86
465.22	14.99	7.86
465.72	14.94	7.86
466.22	14.89	7.91
466.72	14.84	7.91
467.22	14.79	7.91
467.72	14.75	7.91
468.22	14.65	7.91
468.72	14.65	7.91
469.22	14.45	7.91
469.72	14.45	7.91
470.22	14.40	7.91
470.72	14.36	7.91
471.22	14.26	7.91
471.72	14.16	7.86
472.22	14.11	7.86
472.72	14.06	7.86
473.22	14.01	7.86
473.72	13.92	7.86
474.22	13.82	7.86
474.72	13.72	7.86
475.22	13.62	7.86
475.72	13.57	7.86
476.23	13.48	7.86
476.72	13.38	7.86
477.22	13.23	7.86
477.72	13.18	7.86
478.22	13.04	7.86
478.72	12.99	7.86
479.22	12.84	7.86
479.72	12.79	7.91
480.22	12.70	7.86
480.72	12.60	7.91
481.22	12.50	7.86
481.72	12.50	7.86
482.22	12.30	7.86
482.72	12.16	7.91
483.22	12.11	7.91
483.72	12.01	7.91
484.22	11.87	7.86
484.72	11.72	7.86
485.22	11.62	7.86
485.72	11.52	7.91
486.22	11.43	7.91
486.72	11.28	7.91
487.22	11.18	7.91
487.72	11.04	7.91
488.22	10.99	7.91
488.72	10.89	7.91
489.22	10.64	7.91
489.72	10.55	7.91
490.22	10.25	7.91
490.72	10.21	7.91
491.22	9.96	7.91
491.72	9.81	7.91
492.22	9.72	7.91
492.72	9.67	7.91
493.22	9.47	7.91
493.72	9.42	7.91
494.22	9.18	7.91
494.72	9.03	7.91
495.22	8.89	7.91
495.72	8.79	7.91
496.22	8.59	7.91
496.72	8.50	7.91
497.22	8.40	7.91
497.72	8.20	7.91
498.22	8.15	7.91
498.72	8.01	7.91
499.22	7.91	7.91
499.72	7.81	7.91
500.22	7.57	7.91
500.72	7.57	7.91
501.22	7.42	7.91
501.72	7.37	7.91
502.22	7.23	7.91
502.72	7.08	7.91
503.61	6.98	7.91
503.72	6.84	7.86
504.22	6.74	7.86
504.72	6.59	7.86
505.22	6.49	7.86
505.72	6.30	7.86
506.22	6.30	7.86
506.72	6.25	7.86
507.22	6.10	7.86
507.72	6.01	7.86
508.22	5.81	7.86
508.72	5.71	7.91
537.64	5.66	7.91
537.83	5.52	7.91
537.94	5.42	7.91
538.22	5.27	7.91
538.72	5.18	7.91
539.22	5.08	7.91
539.72	0.44	7.91
540.22	0.39	7.91
540.72	0.39	7.91
541.22	0.34	7.91
541.72	0.34	7.91
542.22	0.34	7.91
542.72	0.29	7.91
543.22	0.29	7.91
543.72	0.24	7.91
544.22	0.20	7.91
544.76	0.20	7.91
545.22	0.15	7.91
545.74	0.15	7.91
546.22	0.15	7.91
546.72	0.15	7.91
547.22	0.15	7.91
547.72	0.10	7.91
548.22	0.10	7.91
548.72	0.10	7.91
549.22	0.10	7.91
549.72	0.10	7.91
550.22	0.10	7.91
550.72	0.10	7.91
551.22	0.10	7.91
551.72	0.10	7.91
552.22	0.10	7.91
552.72	0.10	7.91
553.25	0.05	7.91
553.82	0.05	7.91
554.22	0.05	7.91
554.74	0.05	7.91
555.22	0.05	7.91
555.72	0.05	7.91
556.22	0.05	7.91
556.72	0.05	7.91
557.23	0.05	7.91
557.73	0.05	7.91
558.22	0.05	7.91
558.73	0.05	7.91
559.22	0.05	7.91
559.73	0.05	7.91
560.24	0.05	7.91
560.72	0.05	7.91
561.22	0.10	7.91
561.72	0.05	7.91
562.22	0.05	7.91
562.73	0.05	7.91
563.22	0.05	7.91
563.72	0.05	7.86
564.22	0.05	7.86
564.72	0.05	7.86
565.22	0.05	7.86
565.73	0.00	7.86
566.22	0.00	7.86
566.72	0.00	7.86
567.22	0.00	7.86
567.72	0.00	7.86
568.22	0.00	7.86
568.72	0.00	7.86
569.22	0.00	7.91
569.72	0.00	7.91
570.24	0.00	7.91
570.72	0.00	7.91
571.22	0.00	7.91
571.72	0.00	7.91
572.22	0.00	7.91
572.72	0.00	7.86
573.22	0.00	7.86
573.72	0.00	7.86
574.22	0.00	7.86
574.72	0.00	7.86
575.22	0.00	7.86
575.72	0.00	7.86
576.22	0.00	7.86
576.72	0.00	7.86
577.22	0.00	7.86
577.72	0.00	7.86
578.22	0.00	7.86
578.72	0.00	7.86
579.22	0.00	7.86
579.72	0.00	7.86
580.22	0.00	7.86
580.72	0.00	7.86
581.22	0.00	7.91
581.72	0.00	7.86
582.22	0.00	7.91
582.72	0.00	7.91
583.22	0.00	7.91
583.72	0.00	7.91
584.22	0.00	7.91
584.72	0.05	7.91
585.22	0.00	7.91
585.72	0.05	7.91
586.22	0.00	7.91
586.72	0.05	7.91
587.22	0.05	7.91
587.72	0.05	7.91
588.22	0.00	7.91
588.71	0.00	7.91
589.22	0.00	7.91
589.72	0.05	7.91
590.22	0.00	7.91
590.72	0.05	7.91
591.22	0.00	7.91
591.72	0.05	7.86
592.22	0.00	7.86
592.72	0.05	7.86
593.22	0.00	7.86
593.72	0.05	7.86
594.22	0.05	7.86
594.72	0.05	7.86
595.22	0.05	7.86
595.72	0.05	7.86
596.22	0.05	7.86
596.72	0.05	7.86
597.22	0.05	7.86
597.72	0.05	7.86
598.22	0.05	7.86
598.72	0.10	7.86
599.22	0.05	7.86
599.72	0.10	7.86
600.22	0.05	7.86
600.72	0.10	7.86
601.22	0.10	7.86
601.72	0.05	7.86
602.22	0.05	7.86
602.72	0.10	7.86
603.22	0.10	7.86
603.72	0.10	7.86
604.23	0.10	7.86
604.72	0.10	7.86
605.22	0.10	7.86
605.72	0.10	7.86
606.22	0.10	7.86
606.72	0.10	7.86
607.22	0.10	7.86
607.72	0.10	7.86
608.22	0.10	7.86
608.71	0.10	7.86
609.22	0.10	7.86
609.72	0.10	7.86
610.22	0.05	7.86
610.72	0.10	7.86
611.22	0.10	7.86
611.71	0.05	7.86
612.22	0.05	7.86
612.72	0.05	7.86
613.22	0.05	7.86
613.72	0.05	7.86
614.22	0.05	7.86
614.73	0.05	7.86
615.22	0.05	7.86
615.71	0.05	7.86
616.22	0.05	7.86
616.73	0.05	7.86
617.22	0.05	7.86
617.72	0.05	7.86
618.22	0.05	7.86
618.71	0.05	7.86
619.22	0.05	7.86
619.72	0.05	7.86
620.22	0.05	7.86
620.72	0.05	7.86
621.22	0.05	7.91
621.72	0.05	7.86
622.22	0.05	7.91
622.71	0.05	7.91
623.22	0.05	7.86
623.72	0.05	7.91
624.22	0.05	7.86
624.72	0.05	7.91
625.22	0.05	7.91
625.71	0.05	7.91
626.22	0.05	7.91
626.72	0.05	7.91
627.22	0.05	7.91
627.72	0.05	7.91
628.22	0.10	7.91
628.72	0.10	7.91
629.22	0.10	7.91
629.72	0.10	7.91
630.22	0.10	7.91
630.72	0.10	7.91
631.22	0.10	7.91
631.71	0.10	7.91
632.22	0.10	7.91
632.72	0.10	7.91
633.22	0.10	7.91
633.72	0.10	7.91
634.22	0.10	7.91
634.72	0.05	7.91
635.22	0.05	7.91
635.72	0.05	7.91
636.22	0.05	7.91
636.72	0.05	7.91
637.22	0.05	7.91
637.71	0.05	7.91
638.22	0.05	7.91
638.72	0.05	7.91
639.22	0.05	7.91
639.71	0.05	7.91
640.22	0.05	7.91
640.72	0.05	7.91
641.22	0.05	7.91
641.71	0.05	7.91
642.22	0.05	7.91
642.72	0.05	7.91
643.22	0.05	7.96
643.72	0.05	7.96
644.22	0.05	7.96
644.71	0.05	7.96
645.22	0.05	7.96
645.82	0.05	7.96
646.22	0.05	7.96
646.71	0.05	7.96
647.22	0.10	7.96
647.72	0.10	7.96
648.22	0.10	7.96
648.74	0.10	7.96
649.22	0.10	7.91
649.74	0.10	7.91
650.23	0.10	7.91
650.72	0.10	7.91
651.23	0.05	7.91
651.73	0.05	7.91
652.23	0.05	7.91
652.73	0.05	7.91
653.23	0.05	7.91
653.72	0.05	7.91
654.24	0.05	7.91
654.74	0.05	7.91
655.24	0.10	7.96
655.71	0.10	7.96
656.22	0.10	7.91
656.72	0.10	7.96
657.22	0.10	7.96
657.72	0.10	7.96
678.75	0.15	7.96
678.80	0.15	7.96
679.22	0.15	7.96
679.71	0.15	7.96
680.22	0.15	7.96
680.71	0.15	7.96
681.22	0.15	7.96
681.72	0.15	7.96
682.22	0.15	7.96
682.71	0.15	7.91
683.22	0.15	7.91
683.71	0.15	7.91
684.22	0.10	7.91
684.72	0.15	7.91
685.22	0.10	7.91
685.72	0.10	7.91
686.22	0.15	7.91
686.72	0.15	7.91
687.22	0.15	7.91
687.71	0.15	7.91
688.22	0.15	7.91
688.71	0.15	7.91
689.22	0.10	7.96
689.71	0.10	7.91
690.22	0.10	7.91
690.71	0.10	7.96
691.22	0.10	7.96
691.71	0.10	7.91
692.22	0.10	7.96
692.71	0.10	7.96
693.22	0.10	7.96
693.71	0.10	7.96
694.22	0.10	7.96
694.71	0.10	7.96
695.22	0.10	7.96
695.71	0.15	7.96
696.22	0.10	7.96
696.71	0.10	7.91
697.22	0.10	7.96
697.71	0.10	7.96
698.22	0.10	7.96
698.71	0.10	7.96
699.22	0.10	7.96
699.71	0.10	7.96
700.22	0.10	7.96
700.71	0.10	7.96
701.22	0.10	7.96
701.71	0.10	7.96
702.22	0.10	7.96
702.71	0.15	7.96
703.22	0.10	7.96
703.71	0.15	7.96
704.22	0.10	7.96
704.71	0.15	7.96
705.22	0.15	7.96
705.71	0.15	7.96
706.22	0.15	7.96
706.71	0.15	7.96
707.22	0.15	7.96
707.71	0.15	7.96
708.22	0.15	7.96
708.71	0.15	7.96
709.22	0.15	7.96
709.71	0.15	7.96
710.22	0.15	7.96
710.71	0.15	7.96
711.22	0.10	7.96
711.71	0.10	7.96
712.22	0.10	7.96
712.72	0.10	7.96
713.22	0.10	7.96
713.72	0.10	7.96
714.22	0.10	7.96
714.71	0.10	7.96
715.22	0.10	7.96
715.71	0.10	7.96
716.22	0.10	7.96
716.71	0.15	7.96
717.22	0.15	7.96
717.71	0.15	7.96
718.22	0.15	7.96
718.71	0.15	7.96
719.22	0.15	7.96
719.71	0.15	7.96
720.22	0.15	7.96
720.71	0.15	7.96
721.22	0.15	7.96
721.71	0.15	7.96
722.22	0.15	7.96
722.72	0.15	7.96
723.22	0.15	7.96
723.71	0.15	7.96
724.22	0.15	7.96
724.71	0.15	7.96
725.22	0.15	7.96
725.71	0.15	7.96
726.22	0.15	7.96
726.71	0.15	7.96
727.22	0.15	7.96
727.72	0.15	7.96
728.22	0.15	7.96
728.72	0.15	7.96
729.22	0.15	7.96
729.71	0.15	7.96
730.22	0.15	7.96
730.71	0.15	7.96
731.22	0.15	7.96
731.72	0.15	7.96
732.22	0.15	7.96
732.71	0.15	7.96
733.23	0.15	7.96
733.72	0.15	7.96
734.23	0.15	7.96
734.72	0.20	7.96
735.26	0.15	7.96
735.71	0.20	7.96
736.22	0.15	7.96
736.71	0.20	7.96
737.22	0.20	7.96
737.71	0.20	7.96
738.22	0.20	7.96
738.71	0.20	7.96
739.22	0.20	7.96
739.71	0.20	7.91
740.22	0.20	7.91
740.71	0.20	7.91
741.22	0.20	7.96
741.71	0.20	7.91
742.22	0.15	7.91
742.71	0.15	7.91
743.22	0.15	7.91
743.71	0.15	7.91
744.22	0.15	7.91
744.71	0.15	7.91
745.22	0.15	7.91
745.72	0.15	7.91
746.22	0.15	7.96
746.71	0.15	7.96
747.22	0.15	7.96
747.71	0.20	7.96
748.22	0.15	7.96
748.72	0.20	7.96
749.22	0.15	7.91
749.71	0.20	7.91
750.22	0.20	7.96
750.71	0.20	7.96
751.22	0.20	7.96
751.71	0.20	7.96
752.22	0.20	7.96
752.71	0.20	7.96
753.22	0.20	7.96
753.71	0.20	7.96
754.22	0.20	7.96
754.71	0.20	7.96
755.22	0.20	7.96
755.71	0.20	7.96
756.22	0.20	7.96
756.71	0.20	7.96
757.22	0.20	7.91
757.71	0.20	7.91
758.22	0.20	7.91
758.71	0.20	7.91
759.22	0.20	7.91
759.71	0.20	7.96
760.22	0.20	7.96
760.71	0.20	7.96
761.22	0.20	7.96
761.71	0.20	7.96
762.22	0.20	7.96
762.71	0.20	7.96
763.22	0.20	7.96
763.71	0.20	7.96
764.22	0.20	7.96
764.71	0.20	7.96
765.22	0.20	7.96
765.71	0.15	7.96
766.22	0.20	7.91
766.71	0.15	7.91
767.22	0.20	7.91
767.71	0.15	7.91
768.22	0.15	7.91
768.71	0.15	7.91
769.22	0.15	7.91
769.71	0.15	7.91
770.22	0.15	7.91
770.71	0.15	7.91
771.22	0.15	7.91
771.71	0.15	7.91
772.22	0.15	7.96
772.71	0.15	7.96
773.22	0.15	7.96
773.71	0.15	7.96
774.22	0.15	7.96
774.71	0.15	7.96
775.22	0.15	7.96
775.71	0.15	7.96
776.22	0.15	7.96
776.71	0.10	7.96
777.22	0.10	7.96
777.71	0.10	7.96
778.22	0.10	7.96
778.71	0.10	7.96
779.22	0.10	7.96
779.71	0.10	7.96
780.22	0.10	7.96
780.71	0.10	7.96
781.22	0.10	7.96
781.71	0.10	7.96
782.22	0.15	7.91
782.71	0.15	7.91
783.22	0.15	7.91
783.71	0.15	7.91
784.22	0.15	7.96
784.71	0.15	7.91
785.22	0.15	7.91
785.71	0.15	7.91
786.22	0.15	7.91
786.72	0.15	7.91
787.22	0.15	7.91
787.71	0.15	7.91
788.22	0.15	7.96
788.71	0.15	7.96
789.22	0.15	7.96
789.71	0.15	7.96
790.22	0.15	7.96
790.71	0.15	7.96
791.22	0.15	7.96
791.71	0.15	7.96
792.22	0.15	7.96
792.71	0.15	7.96
793.22	0.15	7.96
793.71	0.15	7.96
794.22	0.15	7.96
794.71	0.15	7.96
795.22	0.15	7.96
795.71	0.15	7.96
796.22	0.15	7.96
796.71	0.15	7.96
797.22	0.15	7.96
797.71	0.15	7.96
798.22	0.15	7.96
798.71	0.15	7.96
799.22	0.15	7.96
799.71	0.15	7.96
800.22	0.15	7.96
800.71	0.15	7.96
801.22	0.15	7.96
801.71	0.15	7.91
802.22	0.15	7.91
802.71	0.15	7.91
803.22	0.15	7.96
803.71	0.15	7.96
804.22	0.15	7.96
804.71	0.15	7.91
805.22	0.20	7.91
805.71	0.20	7.96
806.22	0.20	7.96
806.72	0.20	7.91
807.22	0.15	7.96
807.71	0.15	7.96
808.22	0.15	7.91
808.71	0.15	7.91
809.22	0.15	7.91
809.71	0.15	7.91
810.22	0.15	7.91
810.71	0.15	7.96
811.22	0.15	7.96
811.71	0.15	7.96
812.22	0.15	7.96
812.71	0.15	7.96
813.22	0.15	7.96
813.71	0.15	7.96
814.22	0.15	7.96
814.71	0.15	7.96
815.22	0.15	7.96
815.71	0.15	7.96
816.22	0.15	7.96
816.71	0.15	7.96
817.22	0.15	7.96
817.71	0.15	7.96
818.22	0.15	7.96
818.71	0.15	7.96
819.22	0.15	7.96
819.71	0.15	7.96
820.22	0.15	7.96
820.71	0.15	7.96
821.22	0.15	7.96
821.71	0.15	7.96
822.22	0.15	7.96
822.71	0.15	7.96
823.22	0.15	7.96
823.71	0.15	7.96
824.22	0.15	7.96
824.71	0.15	7.96
825.22	0.15	7.96
825.71	0.15	7.96
826.22	0.15	7.96
826.71	0.15	7.96
827.22	0.15	7.96
827.71	0.15	7.96
828.22	0.15	7.96
828.71	0.15	7.96
829.22	0.15	7.96
829.71	0.15	7.96
830.22	0.15	7.96
830.71	0.15	7.96
831.22	0.15	7.96
831.71	0.15	7.96
832.22	0.15	7.96
832.71	0.15	7.96
833.22	0.15	7.96
833.71	0.15	7.96
834.22	0.15	7.96
834.71	0.15	7.96
835.22	0.15	7.96
835.71	0.15	7.96
836.22	0.15	7.96
836.71	0.15	7.96
837.22	0.15	7.96
837.71	0.15	7.96
838.22	0.15	7.96
838.71	0.15	7.96
839.22	0.15	7.96
839.71	0.15	7.96
840.22	0.15	7.96
840.71	0.15	7.96
841.22	0.15	7.96
841.71	0.15	7.96
842.22	0.15	7.96
842.71	0.15	7.96
843.22	0.15	7.96
843.72	0.15	7.96
844.22	0.15	7.96
844.72	0.15	7.96
845.22	0.15	7.96
845.72	0.15	7.96
846.22	0.15	7.96
846.72	0.15	7.96
847.22	0.15	7.96
847.72	0.15	7.96
848.22	0.15	7.96
848.72	0.15	7.96
849.22	0.15	7.96
849.71	0.15	7.96
850.22	0.15	7.96
850.72	0.15	7.91
851.22	0.15	7.96
851.72	0.15	7.96
852.22	0.15	7.91
852.72	0.15	7.91
853.22	0.15	7.96
853.71	0.15	7.96
854.22	0.15	7.96
854.71	0.15	7.96
855.22	0.15	7.96
855.72	0.15	7.96
856.22	0.15	7.96
856.72	0.15	7.96
857.22	0.15	7.96
857.72	0.15	7.96
858.22	0.15	7.96
858.72	0.15	7.96
859.22	0.15	7.96
859.72	0.15	7.96
860.22	0.15	7.96
860.71	0.15	7.96
861.22	0.15	7.96
861.72	0.15	7.96
862.22	0.15	7.96
862.72	0.15	7.96
863.22	0.15	7.96
863.72	0.15	7.96
864.22	0.15	7.96
864.72	0.15	7.96
865.22	0.15	7.96
865.72	0.15	7.96
866.22	0.15	7.96
866.72	0.15	7.96
867.22	0.15	7.96
867.72	0.15	7.96
868.22	0.15	7.96
868.72	0.15	7.96
869.22	0.15	7.96
869.72	0.15	7.96
870.22	0.15	7.96
870.72	0.15	7.96
871.22	0.15	7.96
871.72	0.20	7.96
872.22	0.15	7.96
872.72	0.20	7.96
873.22	0.15	7.96
873.72	0.15	7.96
874.22	0.15	7.96
874.72	0.15	7.96
875.22	0.15	7.96
875.72	0.15	7.96
876.22	0.20	7.96
876.72	0.20	7.96
877.22	0.20	7.96
877.72	0.20	7.96
878.22	0.20	7.96
878.72	0.20	7.96
879.22	0.20	7.96
879.72	0.20	7.96
880.22	0.20	7.96
880.72	0.20	7.96
881.22	0.20	7.96
881.72	0.20	7.96
882.22	0.20	7.96
882.72	0.20	7.96
883.22	0.20	7.96
883.71	0.20	7.96
884.22	0.20	7.96
884.72	0.20	7.91
885.22	0.20	7.91
885.71	0.20	7.96
886.22	0.20	7.96
886.72	0.20	7.96
887.22	0.20	7.96
887.72	0.20	7.96
888.22	0.20	7.96
888.72	0.20	7.96
889.22	0.20	7.96
889.72	0.20	7.96
890.22	0.20	7.96
890.72	0.20	7.96
891.22	0.20	7.96
891.72	0.20	7.96
892.22	0.20	7.96
892.72	0.20	7.96
893.22	0.20	7.96
893.72	0.20	7.96
894.22	0.20	7.96
894.72	0.20	7.96
895.22	0.20	7.96
895.72	0.20	7.96
896.22	0.20	7.96
896.72	0.15	7.96
897.22	0.15	7.96
897.72	0.15	7.96
898.22	0.15	7.96
898.72	0.15	7.96
899.22	0.15	7.96
899.72	0.15	7.96
900.22	0.15	7.96
900.72	0.15	7.96
901.22	0.15	7.96
901.72	0.15	7.96
902.22	0.15	7.96
902.72	0.15	7.96
903.22	0.20	7.96
903.72	0.15	7.96
904.22	0.15	7.96
904.72	0.15	7.96
905.22	0.15	7.96
905.72	0.15	7.96
906.22	0.15	7.96
906.72	0.15	7.96
907.22	0.15	7.96
907.72	0.15	7.96
908.22	0.15	7.96
908.72	0.15	7.96
909.22	0.15	7.96
909.72	0.15	7.96
910.22	0.15	7.96
910.72	0.15	7.96
911.22	0.15	7.96
911.72	0.15	7.96
912.22	0.15	7.96
912.72	0.15	7.96
913.22	0.15	7.96
913.72	0.15	7.96
914.22	0.15	7.96
914.72	0.15	7.96
915.22	0.15	7.96
915.72	0.15	7.96
916.22	0.15	7.96
916.72	0.15	7.96
917.22	0.15	7.96
917.72	0.15	7.96
918.22	0.15	7.96
918.72	0.10	7.96
919.22	0.15	7.96
919.72	0.10	7.96
920.22	0.15	7.96
920.72	0.15	7.96
921.22	0.15	7.96
921.72	0.10	7.96
922.22	0.15	7.96
922.72	0.10	7.96
923.22	0.15	7.96
923.72	0.10	7.96
924.22	0.10	7.96
924.72	0.10	7.96
925.22	0.10	7.96
925.72	0.10	7.96
926.22	0.10	7.96
926.72	0.10	7.96
927.22	0.10	7.96
927.72	0.10	7.96
928.22	0.10	7.96
928.72	0.10	7.96
929.22	0.10	7.96
929.72	0.10	7.96
930.22	0.10	7.96
930.72	0.10	7.96
931.22	0.10	7.96
931.72	0.10	7.96
932.22	0.10	7.96
932.72	0.10	7.96
933.22	0.10	7.96
933.72	0.10	7.96
934.22	0.15	7.96
934.72	0.10	7.91
935.22	0.15	7.91
935.72	0.10	7.91
936.22	0.15	7.96
936.72	0.10	7.91
937.22	0.15	7.96
937.72	0.10	7.96
938.22	0.15	7.96
938.72	0.10	7.96
939.22	0.15	7.96
939.72	0.15	7.96
940.22	0.15	7.96
940.72	0.15	7.96
941.22	0.15	7.96
941.72	0.15	7.96
942.22	0.15	7.96
942.72	0.10	7.96
943.22	0.10	7.96
943.72	0.10	7.96
944.22	0.10	7.96
944.72	0.10	7.96
945.22	0.10	7.96
945.72	0.10	7.96
946.22	0.10	7.96
946.72	0.10	7.96
947.22	0.10	7.96
947.72	0.10	7.96
948.22	0.10	7.96
948.72	0.10	7.96
949.22	0.10	7.96
949.72	0.10	7.96
950.22	0.10	7.96
950.72	0.10	7.96
951.22	0.10	7.96
951.72	0.10	7.96
952.22	0.10	7.96
952.72	0.10	7.96
953.22	0.10	7.96
953.72	0.10	7.96
954.22	0.10	7.96
954.72	0.10	7.96
955.22	0.10	7.96
955.72	0.10	7.96
956.22	0.10	7.96
956.72	0.10	7.96
957.22	0.10	7.96
957.72	0.10	7.96
958.22	0.10	7.96
958.72	0.10	7.96
959.22	0.10	7.96
959.72	0.10	7.96
960.22	0.10	7.96
960.72	0.10	7.96
961.22	0.10	7.96
961.72	0.10	7.96
962.22	0.10	7.96
962.72	0.10	7.96
963.22	0.10	7.96
963.72	0.10	7.96
964.22	0.10	7.96
964.72	0.10	7.96
965.22	0.10	7.96
965.72	0.10	7.96
966.22	0.10	7.96
966.72	0.10	7.96
967.22	0.15	7.96
967.72	0.10	7.96
968.22	0.15	7.96
968.72	0.15	7.96
969.22	0.15	7.96
969.72	0.15	7.96
970.22	0.15	7.96
970.72	0.15	7.96
971.22	0.15	7.96
971.72	0.15	7.96
972.22	0.15	7.96
972.72	0.15	7.96
973.22	0.15	7.96
973.72	0.15	7.96
974.22	0.15	7.96
974.72	0.15	7.96
975.22	0.15	7.96
975.72	0.15	7.96
976.22	0.15	7.96
976.72	0.15	7.96
977.22	0.15	7.96
977.72	0.15	7.96
978.22	0.15	7.96
978.72	0.15	7.96
979.22	0.20	7.96
979.72	0.20	7.96
980.22	0.20	7.96
980.72	0.15	7.96
981.22	0.20	7.96
981.72	0.20	7.96
982.22	0.20	7.96
982.72	0.15	7.96
983.22	0.20	7.96
983.72	0.15	7.96
984.22	0.20	7.96
984.72	0.15	7.96
985.22	0.20	7.96
985.72	0.15	7.96
986.22	0.20	7.96
986.72	0.15	7.96
987.22	0.15	7.96
987.72	0.15	7.96
988.22	0.15	7.96
988.72	0.15	7.96
989.22	0.15	7.91
989.72	0.15	7.91
990.22	0.15	7.96
990.72	0.15	7.91
991.22	0.15	7.91
991.72	0.15	7.91
992.22	0.15	7.91
992.72	0.15	7.91
993.22	0.15	7.91
993.72	0.15	7.91
994.22	0.15	7.91
994.72	0.15	7.96
995.22	0.15	7.96
995.72	0.15	7.96
996.22	0.15	7.96
996.72	0.15	7.96
997.22	0.20	7.96
997.72	0.15	7.96
998.22	0.20	7.96
998.72	0.15	7.96
999.22	0.20	7.96
999.72	0.20	7.96
1000.22	0.20	7.96
1000.72	0.15	7.96
1001.22	0.15	7.96
1001.72	0.15	7.96
1002.22	0.15	7.96
1002.72	0.15	7.96
1003.22	0.15	7.96
1003.72	0.15	7.96
1004.22	0.15	7.96
1004.72	0.10	7.96
1005.22	0.15	7.96
1005.72	0.15	7.96
1006.22	0.15	7.96
1006.72	0.15	7.96
1007.23	0.15	7.96
1007.72	0.15	7.96
1008.22	0.15	7.96
1008.72	0.15	7.96
1009.22	0.15	7.96
1009.72	0.15	7.96
1010.22	0.15	7.96
1010.72	0.15	7.96
1011.22	0.15	7.96
1011.72	0.10	7.96
1012.22	0.15	7.96
1012.72	0.15	7.96
1013.22	0.15	7.96
1013.72	0.15	7.96
1014.22	0.15	7.96
1014.72	0.15	7.96
1015.22	0.15	7.96
1015.72	0.15	7.96
1016.22	0.15	7.96
1016.72	0.10	7.96
1017.22	0.10	7.96
1017.72	0.10	7.96
1018.22	0.10	7.96
1018.72	0.10	7.96
1019.22	0.10	7.96
1019.72	0.10	7.96
1020.22	0.10	7.91
1020.72	0.10	7.96
1021.22	0.10	7.96
1021.72	0.10	7.96
1022.22	0.10	7.96
1022.72	0.10	7.96
1023.22	0.10	7.96
1023.72	0.10	7.96
1024.22	0.10	7.96
1024.72	0.10	7.96
1025.22	0.10	7.96
1025.72	0.05	7.96
1026.22	0.10	7.96
1026.72	0.05	7.96
1027.22	0.10	7.96
1027.72	0.05	7.96
1028.22	0.05	7.96
1028.72	0.05	7.96
1029.22	0.00	7.96
1029.72	0.00	7.96
1030.22	0.00	7.96
1030.72	0.00	7.96
1031.22	0.00	7.96
1031.72	0.00	7.86
1032.22	0.00	7.86
1032.72	0.00	7.71
1033.22	0.00	7.62
1033.72	0.00	7.57
1034.22	0.00	7.32
1034.72	0.00	7.28
1035.22	0.00	7.03
1035.72	0.00	6.98
1036.22	0.00	6.84
1036.72	0.00	6.54
1037.22	0.00	6.40
1037.72	0.00	6.40
1038.22	0.00	6.40
1038.72	0.00	6.35
1039.22	0.00	6.30
1039.72	0.00	6.30
1040.22	0.00	6.30
1040.72	0.00	6.30
1041.22	0.00	6.30
1041.72	0.00	6.30
1042.22	0.00	6.30
1042.72	0.00	6.30
1043.22	0.05	6.15
1043.72	0.00	6.15
1044.22	0.05	6.15
1044.72	0.00	6.15
1045.22	0.05	6.05
1045.72	0.00	5.81
1046.22	0.05	5.66
1046.72	0.00	5.47
1047.22	0.05	5.32
1047.72	0.05	5.22
1048.22	0.05	5.13
1048.72	0.05	5.03
1049.22	0.05	4.88
1049.72	0.05	4.74
1050.22	0.05	4.64
1050.72	0.05	4.49
1051.22	0.05	4.35
1051.72	0.05	4.25
1052.23	0.05	4.15
1052.72	0.05	4.15
1053.22	0.05	4.00
1053.72	0.05	4.00
1054.22	0.05	4.00
1054.72	0.05	4.00
1055.22	0.05	4.00
1055.72	0.05	4.00
1056.22	0.05	4.00
1056.72	0.05	4.10
1057.22	0.05	4.20
1057.72	0.05	4.25
1058.22	0.05	4.35
1058.72	0.05	4.35
1059.21	0.05	4.35
1059.72	0.05	4.35
1060.22	0.05	4.35
1060.72	0.05	4.35
1061.22	0.05	4.35
1061.72	0.05	4.35
1062.22	0.05	4.30
1062.72	0.05	4.30
1063.22	0.05	4.25
1063.72	0.05	4.25
1064.22	0.05	4.25
1064.72	0.05	4.25
1065.22	0.05	4.20
1065.72	0.05	4.15
1066.21	0.05	4.10
1066.72	0.05	4.00
1067.22	0.05	4.00
1067.72	0.05	3.96
1068.22	0.05	3.91
1068.72	0.05	3.91
1069.22	0.05	3.86
1069.72	0.05	3.86
1070.22	0.05	3.76
1070.72	0.05	3.76
1071.22	0.05	3.76
1071.72	0.05	3.76
1072.22	0.00	3.76
1072.72	0.00	3.76
1073.22	0.00	3.76
1073.72	0.00	3.81
1074.22	0.00	3.81
1074.72	0.00	3.86
1075.22	0.00	3.91
1075.72	0.00	3.91
1076.21	0.00	3.91
1076.72	0.00	3.91
1077.22	0.00	3.91
1077.72	0.00	3.91
1078.22	0.00	3.91
1078.72	0.00	3.86
1079.21	0.00	3.76
1079.72	0.05	3.76
1080.22	0.00	3.76
1080.72	0.00	3.76
1081.22	0.00	3.76
1081.72	0.00	3.71
1082.22	0.00	3.71
1082.72	0.00	3.66
1083.22	0.00	3.66
1083.72	0.00	3.71
1084.22	0.00	3.71
1084.72	0.00	3.76
1085.21	0.00	3.76
1085.72	0.00	3.76
1086.22	0.00	3.76
1086.72	0.00	3.76
1087.22	0.00	3.81
1087.72	0.00	3.81
1088.21	0.00	3.81
1088.72	0.00	3.81
1089.22	0.00	3.81
1089.72	0.00	3.81
1090.22	0.00	3.81
1090.72	0.00	3.81
1091.21	0.00	3.81
1091.72	0.00	3.81
1092.22	0.00	3.86
1092.72	0.00	3.86
1093.22	0.00	3.86
1093.72	0.00	3.86
1094.21	0.00	3.91
1094.72	0.00	3.96
1095.22	0.00	3.96
1095.72	0.00	4.00
1096.22	0.00	4.05
1096.72	0.00	4.10
1097.21	0.00	4.20
1097.72	0.00	4.30
1098.22	0.00	4.39
1098.72	0.00	4.44
1099.21	0.00	4.44
1099.72	0.00	4.44
1100.22	0.00	4.54
1100.72	0.00	4.74
1101.22	0.00	4.88
1101.72	0.00	4.93
1102.21	0.00	4.93
1102.72	0.00	4.93
1103.22	0.00	4.98
1103.72	0.00	4.98
1104.21	0.00	5.18
1104.72	0.00	5.27
1105.21	0.00	5.42
1105.72	0.00	5.62
1106.21	0.00	5.71
1106.72	0.00	6.01
1107.21	0.00	6.01
1107.72	0.00	6.35
1108.21	0.00	6.59
1108.72	0.00	6.84
1109.22	0.00	7.18
1109.72	0.00	7.52
1110.22	0.00	7.76
1110.72	0.00	8.15
1111.21	0.00	8.45
1111.72	0.00	8.74
1112.22	0.00	9.03
1112.72	0.00	9.08
1113.21	0.00	9.08
1113.72	0.00	9.08
1114.22	0.00	9.13
1114.72	0.00	9.13
1115.21	0.00	9.13
1115.72	0.00	9.13
1116.22	0.00	9.13
1116.72	0.00	9.08
1117.22	0.00	9.03
1117.72	0.00	8.84
1118.22	0.00	8.64
1118.72	0.00	8.35
1119.21	0.00	7.96
1119.72	0.00	7.67
1120.22	0.00	7.23
1120.72	0.00	6.79
1121.21	0.00	6.49
1121.72	0.00	6.05
1122.21	-0.05	5.76
1122.72	-0.05	5.42
1123.22	-0.05	5.08
1123.72	-0.05	4.79
1124.21	-0.05	4.49
1124.72	-0.05	4.20
1125.22	-0.05	3.96
1125.72	0.00	3.66
1126.22	0.00	3.47
1126.72	0.00	3.27
1127.24	0.00	3.17
1127.73	0.00	2.93
1128.23	0.00	2.73
1128.72	0.00	2.69
1129.22	0.00	2.49
1129.73	0.00	2.49
1130.24	0.00	2.25
1130.73	0.00	2.15
1131.22	0.00	2.10
1131.73	0.00	1.95
1132.24	0.00	1.95
1132.72	0.00	1.86
1133.22	0.00	1.81
1133.73	0.00	1.61
1134.23	0.00	1.61
1134.74	0.00	1.51
1135.24	0.00	1.51
1135.73	0.00	1.42
1136.22	0.00	1.37
1136.74	0.00	1.37
1137.23	0.00	1.32
1137.73	0.00	1.32
1138.22	0.00	1.32
1138.73	0.00	1.27
1139.23	0.00	1.17
1139.73	0.00	1.17
1140.23	0.00	1.12
1140.73	0.00	1.12
1141.23	0.00	1.07
1141.73	0.00	1.03
1142.23	0.00	0.98
1142.73	0.00	0.98
1143.22	0.00	0.98
1143.74	0.00	0.93
1144.23	0.00	0.88
1144.73	0.00	0.88
1145.23	0.00	0.88
1145.73	0.00	0.88
1146.23	0.00	0.83
1146.73	0.00	0.83
1147.23	0.00	0.78
1147.73	0.00	0.78
1148.23	0.00	0.73
1148.73	0.00	0.68
1149.22	0.00	0.68
1149.73	0.00	0.68
1150.23	0.00	0.68
1150.73	0.00	0.63
1151.22	0.00	0.63
1151.73	0.00	0.59
1152.22	0.00	0.59
1152.73	0.05	0.59
1153.23	0.05	0.59
1153.73	0.05	0.54
1154.22	0.05	0.54
1154.73	0.00	0.54
1155.23	0.00	0.54
1155.73	0.00	0.54
1156.23	0.05	0.54
1156.73	0.00	0.49
1157.23	0.00	0.49
1157.73	0.00	0.49
1158.23	0.00	0.44
1158.73	0.00	0.44
1159.23	0.00	0.44
1159.73	0.00	0.44
1160.23	0.00	0.44
1160.73	0.00	0.44
1161.24	0.00	0.44
1161.73	0.00	0.44
1162.24	0.00	0.44
1162.73	0.00	0.44
1163.24	0.00	0.44
1163.73	0.00	0.39
1164.23	0.05	0.39
1164.73	0.00	0.39
1165.23	0.00	0.39
1165.73	0.00	0.39
1166.23	0.00	0.39
1166.73	0.00	0.39
1167.24	0.00	0.39
1167.73	0.00	0.39
1168.24	0.00	0.39
1168.73	0.00	0.34
1169.23	0.00	0.34
1169.73	0.00	0.34
1170.24	0.00	0.34
1170.73	0.00	0.34
1171.23	0.00	0.34
1171.73	0.00	0.34
1172.23	0.00	0.34
1172.73	0.00	0.34
1173.23	0.00	0.34
1173.73	0.00	0.34
1174.23	0.00	0.34
1174.73	0.00	0.34
1175.23	0.00	0.34
1175.73	0.00	0.34
1176.24	0.00	0.34
1176.73	0.00	0.34
1177.23	0.05	0.34
1177.73	0.00	0.34
1178.23	0.00	0.34
1178.73	0.00	0.34
1179.24	0.00	0.34
1179.73	0.00	0.34
1180.24	0.00	0.34
1180.74	0.00	0.29
1181.24	0.00	0.29
1181.74	0.00	0.29
1182.24	0.00	0.29
1182.74	0.00	0.29
1183.23	0.00	0.29
1183.74	0.00	0.29
1184.21	0.00	0.29
1184.72	0.00	0.29
1185.21	0.00	0.29
1185.72	0.00	0.29
1186.21	0.05	0.29
1186.72	0.05	0.29
1187.21	0.00	0.29
1187.72	0.00	0.29
1188.21	0.00	0.34
1188.72	0.00	0.34
1189.22	0.00	0.34
1189.72	0.00	0.34
1190.21	0.00	0.34
1190.72	0.05	0.34
1191.23	0.00	0.34
1191.72	0.00	0.34
1192.21	0.00	0.34
1192.72	0.05	0.34
1193.23	0.05	0.29
1193.73	0.05	0.29
1194.23	0.00	0.29
1194.72	0.05	0.29
1195.22	0.05	0.29
1195.72	0.05	0.29
1196.22	0.05	0.29
1196.74	0.05	0.29
1197.21	0.05	0.34
1197.72	0.05	0.29
1198.21	0.05	0.29
1198.72	0.05	0.34
1199.21	0.05	0.34
1199.72	0.05	0.34
1200.21	0.05	0.34
1200.72	0.05	0.34
1201.21	0.05	0.34
1201.72	0.05	0.34
1202.21	0.05	0.34
1202.72	0.05	0.34
1203.21	0.05	0.34
1203.72	0.05	0.34
1204.21	0.05	0.34
1204.72	0.05	0.34
1205.21	0.05	0.34
1205.72	0.05	0.34
1206.21	0.05	0.34
1206.72	0.05	0.34
1207.21	0.05	0.34
1207.72	0.05	0.34
1208.21	0.05	0.34
1208.72	0.05	0.34
1209.21	0.05	0.34
1209.72	0.05	0.34
1210.22	0.05	0.34
1210.72	0.05	0.34
1211.21	0.05	0.34
1211.72	0.05	0.34
1212.22	0.05	0.34
1212.72	0.05	0.34
1213.21	0.05	0.34
1213.72	0.05	0.34
1214.21	0.05	0.34
1214.72	0.05	0.34
1215.22	0.05	0.34
1215.72	0.05	0.34
1216.21	0.05	0.34
1216.72	0.05	0.34
1217.22	0.05	0.34
1217.72	0.05	0.34
1218.22	0.05	0.34
1218.72	0.05	0.34
1219.21	0.05	0.34
1219.72	0.05	0.34
1220.21	0.05	0.34
1220.72	0.05	0.34
1221.21	0.05	0.34
1221.72	0.05	0.34
1222.21	0.05	0.34
1222.72	0.05	0.34
1223.22	0.05	0.34
1223.72	0.05	0.34
1224.22	0.00	0.34
1224.72	0.05	0.34
1225.21	0.00	0.34
1225.72	0.00	0.34
1226.21	0.00	0.34
1226.72	0.00	0.34
1227.21	0.00	0.34
1227.72	0.05	0.34
1228.22	0.00	0.34
1228.72	0.00	0.34
1229.21	0.05	0.34
1229.72	0.05	0.34
1230.21	0.05	0.29
1230.72	0.05	0.29
1231.21	0.05	0.29
1231.72	0.05	0.29
1232.21	0.05	0.29
1232.72	0.05	0.29
1233.21	0.05	0.29
1233.72	0.05	0.29
1234.21	0.05	0.29
1234.72	0.05	0.34
1235.21	0.00	0.34
1235.72	0.05	0.34
1236.21	0.00	0.34
1236.72	0.05	0.34
1237.21	0.00	0.34
1237.72	0.05	0.34
1238.21	0.00	0.34
1238.72	0.00	0.34
1239.21	0.00	0.29
1239.72	0.00	0.29
1240.21	0.00	0.29
1240.72	0.00	0.29
1241.21	0.00	0.29
1241.72	0.00	0.29
1242.21	0.00	0.29
1242.72	0.00	0.29
1243.21	0.00	0.29
1243.72	0.00	0.29
1244.21	0.00	0.24
1244.72	0.00	0.29
1245.21	0.00	0.24
1245.72	0.00	0.29
1246.21	0.00	0.24
1246.72	0.00	0.29
1247.22	0.00	0.24
1247.72	0.00	0.24
1248.21	0.00	0.24
1248.72	0.00	0.24
1249.22	0.00	0.24
1249.72	0.00	0.29
1250.21	0.00	0.24
1250.72	0.00	0.24
1251.21	0.00	0.24
1251.72	0.00	0.24
1252.21	0.00	0.24
1252.72	0.00	0.24
1253.21	0.00	0.24
1253.72	0.00	0.24
1254.21	0.00	0.24
1254.72	0.00	0.24
1255.21	0.00	0.24
1255.72	0.00	0.24
1256.21	0.00	0.24
1256.72	0.00	0.24
1257.21	0.00	0.24
1257.72	0.00	0.24
1258.21	0.00	0.24
1258.72	0.00	0.24
1259.21	0.00	0.24
1259.72	0.00	0.24
1260.21	0.00	0.24
1260.72	0.00	0.24
1261.21	0.00	0.24
1261.72	0.00	0.24
1262.21	0.05	0.29
1262.72	0.00	0.29
1263.21	0.00	0.29
1263.72	0.00	0.29
1264.21	0.05	0.29
1264.72	0.00	0.29
1265.22	0.00	0.29
1265.72	0.00	0.29
1266.22	0.00	0.34
1266.72	0.00	0.29
1267.21	0.00	0.34
1267.72	0.00	0.34
1268.21	0.05	0.34
1268.72	0.05	0.34
1269.21	0.05	0.34
1269.72	0.05	0.34
1270.21	0.05	0.34
1270.72	0.05	0.34
1271.21	0.05	0.34
1271.72	0.05	0.29
1272.21	0.05	0.34
1272.72	0.05	0.34
1273.21	0.05	0.34
1273.72	0.00	0.34
1274.21	0.00	0.34
1274.72	0.00	0.34
1275.21	0.05	0.34
1275.72	0.05	0.34
1276.22	0.05	0.34
1276.72	0.05	0.34
1277.22	0.05	0.34
1277.72	0.05	0.34
1278.22	0.05	0.34
1278.72	0.05	0.34
1279.22	0.05	0.34
1279.72	0.05	0.34
1280.21	0.05	0.34
1280.72	0.05	0.34
1281.21	0.05	0.34
1281.72	0.05	0.34
1282.21	0.05	0.34
1282.72	0.05	0.34
1283.21	0.05	0.34
1283.72	0.05	0.34
1284.21	0.05	0.34
1284.72	0.05	0.34
1285.21	0.05	0.34
1285.72	0.05	0.34
1286.22	0.05	0.34
1286.72	0.05	0.34
1287.21	0.05	0.34
1287.72	0.05	0.34
1288.21	0.05	0.29
1288.72	0.05	0.34
1289.21	0.05	0.34
1289.72	0.05	0.29
1290.21	0.05	0.29
1290.72	0.05	0.29
1291.21	0.05	0.29
1291.72	0.05	0.29
1292.21	0.05	0.29
1292.72	0.05	0.29
1293.22	0.00	0.29
1293.72	0.05	0.29
1294.21	0.00	0.29
1294.72	0.00	0.29
1295.21	0.00	0.29
1295.72	0.00	0.34
1296.22	0.00	0.34
1296.72	0.00	0.29
1297.21	0.00	0.29
1297.72	0.05	0.29
1298.21	0.00	0.29
1298.72	0.05	0.29
1299.21	0.00	0.29
1299.72	0.05	0.29
1300.22	0.00	0.29
1300.72	0.05	0.29
1301.21	0.00	0.29
1301.72	0.05	0.29
1302.21	0.00	0.29
1302.72	0.05	0.29
1303.21	0.00	0.29
1303.72	0.00	0.29
1304.22	0.00	0.29
1304.72	0.00	0.29
1305.22	0.00	0.29
1305.72	0.00	0.29
1306.21	0.00	0.29
1306.72	0.00	0.29
1307.21	0.00	0.29
1307.72	0.00	0.29
1308.21	0.00	0.29
1308.72	0.00	0.29
1309.22	0.00	0.29
1309.72	0.00	0.29
1310.21	0.00	0.29
1310.72	0.00	0.29
1311.21	0.00	0.29
1311.72	0.00	0.29
1312.22	0.00	0.29
1312.72	0.00	0.29
1313.22	0.00	0.29
1313.72	0.00	0.29
1314.21	0.00	0.29
1314.72	0.00	0.29
1315.22	0.00	0.24
1315.72	0.00	0.29
1316.21	0.00	0.24
1316.72	0.00	0.29
1317.22	0.00	0.24
1317.72	0.00	0.29
1318.21	0.00	0.24
1318.72	0.00	0.24
1319.22	0.00	0.24
1319.73	0.00	0.24
1320.22	0.00	0.24
1320.72	0.00	0.24
1321.21	0.00	0.24
1321.72	0.00	0.24
1322.22	0.00	0.24
1322.72	0.00	0.24
1323.22	0.00	0.24
1323.72	0.00	0.24
1324.21	0.00	0.24
1324.72	0.00	0.24
1325.22	0.00	0.24
1325.72	0.00	0.24
1326.22	0.00	0.24
1326.72	0.00	0.24
1327.22	0.00	0.24
1327.72	0.00	0.24
1328.22	0.00	0.24
1328.73	0.00	0.24
1329.24	0.00	0.24
1329.73	0.00	0.24
1330.23	0.00	0.29
1330.73	0.00	0.29
1331.22	0.00	0.29
1331.74	0.00	0.29
1332.22	0.00	0.29
1332.73	0.00	0.29
1333.22	0.00	0.29
1333.72	0.00	0.29
1334.21	0.00	0.29
1334.72	0.00	0.29
1335.21	0.00	0.29
1335.72	0.00	0.24
1336.21	0.00	0.29
1336.72	0.00	0.24
1337.22	0.00	0.29
1337.72	0.00	0.24
1338.22	0.00	0.29
1338.72	0.00	0.24
1339.21	0.05	0.29
1339.72	0.00	0.24
1340.22	0.05	0.29
1340.72	0.00	0.24
1341.22	0.05	0.24
1341.72	0.00	0.24
1342.22	0.05	0.24
1342.72	0.00	0.24
1343.21	0.00	0.24
1343.72	0.00	0.24
1344.22	0.00	0.24
1344.72	0.00	0.24
1345.22	0.00	0.29
1345.72	0.00	0.24
1346.21	0.00	0.29
1346.72	0.00	0.29
1347.22	0.00	0.29
1347.72	0.00	0.29
1348.22	0.00	0.29
1348.72	0.00	0.29
1349.22	0.05	0.34
1349.72	0.00	0.29
1350.21	0.05	0.29
1350.72	0.05	0.29
1351.22	0.05	0.29
1351.72	0.05	0.24
1352.22	0.05	0.29
1352.72	0.05	0.24
1353.22	0.05	0.29
1353.72	0.05	0.24
1354.22	0.05	0.24
1354.72	0.00	0.24
1355.22	0.05	0.29
1355.72	0.05	0.29
1356.22	0.05	0.29
1356.72	0.05	0.29
1357.21	0.05	0.34
1357.72	0.05	0.34
1358.22	0.05	0.34
1358.72	0.05	0.34
1359.22	0.05	0.34
1359.72	0.05	0.34
1360.22	0.05	0.34
1360.72	0.05	0.29
1361.22	0.05	0.29
1361.72	0.05	0.29
1362.22	0.05	0.29
1362.72	0.05	0.29
1363.22	0.05	0.29
1363.72	0.05	0.29
1364.22	0.05	0.29
1364.72	0.05	0.29
1365.22	0.05	0.29
1365.72	0.05	0.29
1366.22	0.05	0.29
1366.72	0.05	0.29
1367.22	0.05	0.29
1367.72	0.05	0.29
1368.22	0.05	0.29
1368.72	0.05	0.29
1369.22	0.05	0.29
1369.72	0.05	0.29
1370.22	0.05	0.29
1370.72	0.05	0.29
1371.22	0.05	0.29
1371.72	0.05	0.34
1372.22	0.05	0.34
1372.72	0.05	0.34
1373.22	0.05	0.34
1373.72	0.05	0.34
1374.22	0.05	0.34
1374.72	0.05	0.34
1375.22	0.05	0.34
1375.72	0.05	0.34
1376.22	0.05	0.34
1376.72	0.05	0.34
1377.22	0.05	0.34
1377.72	0.05	0.34
1378.22	0.05	0.34
1378.72	0.05	0.34
1379.22	0.05	0.34
1379.72	0.05	0.34
1380.22	0.05	0.34
1380.72	0.05	0.34
1381.22	0.05	0.34
1381.72	0.05	0.34
1382.22	0.05	0.34
1382.72	0.05	0.34
1383.22	0.05	0.34
1383.72	0.05	0.34
1384.22	0.05	0.34
1384.72	0.05	0.34
1385.22	0.05	0.34
1385.72	0.05	0.34
1386.22	0.05	0.34
1386.72	0.05	0.34
1387.22	0.05	0.34
1387.72	0.05	0.34
1388.22	0.05	0.34
1388.72	0.05	0.34
1389.22	0.05	0.34
1389.72	0.05	0.34
1390.22	0.05	0.34
1390.72	0.05	0.34
1391.22	0.05	0.34
1391.72	0.05	0.29
1392.22	0.05	0.34
1392.72	0.05	0.34
1393.22	0.05	0.34
1393.72	0.00	0.34
1394.22	0.00	0.34
1394.72	0.05	0.34
1395.22	0.00	0.34
1395.72	0.00	0.34
1396.22	0.00	0.34
1396.72	0.00	0.34
1397.22	0.00	0.34
1397.72	0.00	0.34
1398.22	0.00	0.34
1398.72	0.00	0.34
1399.22	0.00	0.34
1399.72	0.00	0.34
1400.22	0.00	0.34
1400.72	0.00	0.34
1401.22	0.00	0.34
1401.72	0.00	0.34
1402.22	0.00	0.29
1402.72	0.00	0.34
1403.22	0.00	0.34
1403.72	0.00	0.34
1404.22	0.00	0.29
1404.72	0.00	0.29
1405.22	0.00	0.29
1405.72	0.00	0.29
1406.22	0.00	0.29
1406.72	0.00	0.29
1407.22	0.00	0.29
1407.72	0.00	0.29
1408.22	0.00	0.29
1408.72	0.00	0.29
1409.22	0.00	0.29
1409.72	0.00	0.29
1410.22	0.00	0.29
1410.72	0.00	0.34
1411.22	0.00	0.24
1411.72	0.00	0.34
1412.22	0.00	0.24
1412.72	0.00	0.29
1413.22	0.00	0.24
1413.72	0.00	0.29
1414.22	-0.05	0.24
1414.72	0.00	0.29
1415.22	0.00	0.24
1415.72	0.00	0.24
1416.22	0.00	0.24
1416.72	0.00	0.24
1417.22	0.00	0.24
1417.72	0.00	0.24
1418.22	0.00	0.24
1418.72	0.00	0.24
1419.22	0.00	0.24
1419.72	0.00	0.29
1420.22	0.00	0.24
1420.72	0.00	0.29
1421.22	0.00	0.29
1421.72	0.00	0.29
1422.22	0.00	0.29
1422.72	0.00	0.29
1423.22	0.00	0.24
1423.72	0.00	0.29
1424.22	0.00	0.24
1424.72	0.00	0.24
1425.22	0.00	0.24
1425.72	0.00	0.24
1426.22	0.00	0.24
1426.72	0.00	0.24
1427.22	0.00	0.24
1427.72	0.00	0.24
1428.22	0.00	0.29
1428.72	0.00	0.29
1429.22	0.00	0.29
1429.72	0.00	0.29
1430.22	0.00	0.29
1430.72	0.00	0.29
1431.22	0.00	0.29
1431.73	0.00	0.29
1432.22	0.00	0.29
1432.72	0.00	0.29
1433.22	0.00	0.29
1433.72	0.00	0.34
1434.22	0.00	0.29
1434.72	0.00	0.34
1435.22	0.00	0.29
1435.72	0.00	0.34
1436.22	0.00	0.29
1436.72	0.00	0.29
1437.22	0.00	0.29
1437.72	0.00	0.29
1438.22	0.00	0.29
1438.72	0.00	0.29
1439.22	0.00	0.29
1439.72	0.00	0.29
1440.22	0.00	0.29
1440.72	0.00	0.29
1441.22	0.00	0.29
1441.72	0.00	0.29
1442.22	0.00	0.29
1442.72	0.00	0.29
1443.22	0.00	0.29
1443.72	0.00	0.29
1444.22	0.00	0.29
1444.72	0.00	0.29
1445.22	0.00	0.29
1445.72	0.00	0.29
1446.22	0.00	0.29
1446.72	0.00	0.29
1447.22	0.00	0.29
1447.72	0.00	0.29
1448.22	0.00	0.24
1448.72	0.00	0.29
1449.22	0.00	0.29
1449.72	0.00	0.29
1450.22	0.00	0.29
1450.72	0.00	0.29
1451.22	0.00	0.29
1451.72	0.00	0.29
1452.22	0.00	0.29
1452.72	0.00	0.29
1453.22	0.00	0.29
1453.72	0.00	0.29
1454.22	0.00	0.29
1454.72	0.00	0.29
1455.22	0.00	0.29
1455.72	0.00	0.29
1456.22	0.00	0.24
1456.72	0.00	0.29
1457.22	0.00	0.24
1457.72	0.00	0.24
1458.22	0.00	0.24
1458.72	0.00	0.24
1459.22	0.00	0.24
1459.72	0.00	0.24
1460.22	0.00	0.24
1460.72	0.00	0.24
1461.22	0.00	0.24
1461.72	0.00	0.29
1462.22	0.00	0.24
1462.73	0.00	0.29
1463.22	0.00	0.29
1463.72	0.00	0.29
1464.22	0.00	0.29
1464.72	0.00	0.29
1465.22	0.00	0.29
1465.72	0.00	0.29
1466.22	0.00	0.29
1466.72	0.00	0.29
1467.22	0.00	0.29
1467.72	0.00	0.29
1468.22	0.00	0.29
1468.72	0.00	0.29
1469.22	0.00	0.24
1469.72	0.00	0.29
1470.22	0.00	0.24
1470.72	0.00	0.29
1471.22	0.00	0.24
1471.72	0.00	0.29
1472.22	0.00	0.24
1472.72	0.00	0.29
1473.22	0.00	0.24
1473.72	0.00	0.29
1474.22	0.00	0.29
1474.72	0.00	0.29
1475.22	0.00	0.29
1475.72	0.00	0.29
1476.22	0.00	0.29
1476.72	0.00	0.29
1477.22	0.00	0.29
1477.72	0.00	0.29
1478.22	0.00	0.29
1478.72	0.00	0.29
1479.22	0.00	0.29
1479.72	0.00	0.29
1480.22	0.00	0.29
1480.72	0.00	0.29
1481.22	0.00	0.29
1481.72	0.00	0.29
1482.22	0.00	0.29
1482.72	0.00	0.29
1483.22	0.00	0.29
1483.72	0.00	0.29
1484.22	0.00	0.29
1484.72	0.00	0.29
1485.22	0.00	0.29
1485.72	0.00	0.29
1486.22	0.00	0.24
1486.72	0.00	0.29
1487.22	0.00	0.24
1487.72	0.00	0.29
1488.22	0.00	0.24
1488.72	0.00	0.24
1489.22	0.00	0.24
1489.72	0.00	0.24
1490.22	0.00	0.24
1490.72	0.00	0.24
1491.22	0.00	0.24
1491.72	0.00	0.24
1492.22	0.00	0.24
1492.72	0.00	0.24
1493.22	0.00	0.20
1493.72	0.00	0.20
1494.22	0.00	0.24
1494.72	0.00	0.24
1495.22	0.00	0.24
1495.72	0.00	0.24
1496.22	0.00	0.24
1496.72	0.00	0.24
1497.22	0.00	0.24
1497.72	0.05	0.24
1498.22	0.05	0.24
1498.72	0.05	0.24
1499.22	0.00	0.24
1499.72	0.05	0.24
1500.22	0.00	0.24
1500.72	0.05	0.24
1501.22	0.00	0.24
1501.72	0.00	0.24
1502.22	0.00	0.24
1502.72	0.00	0.24
1503.22	0.00	0.24
1503.72	0.00	0.24
1504.22	0.00	0.24
1504.72	0.00	0.24
1505.22	0.00	0.24
1505.72	0.00	0.24
1506.22	0.00	0.20
1506.72	0.00	0.24
1507.22	0.00	0.24
1507.72	0.05	0.24
1508.22	0.00	0.24
1508.72	0.00	0.24
1509.22	0.00	0.20
1509.72	0.00	0.24
1510.22	0.00	0.20
1510.72	0.00	0.20
1511.22	0.00	0.20
1511.72	0.00	0.20
1512.22	0.00	0.20
1512.72	0.00	0.20
1513.22	0.00	0.20
1513.72	0.00	0.20
1514.22	0.00	0.15
1514.72	0.00	0.15
1515.22	0.00	0.15
1515.72	0.00	0.15
1516.22	0.00	0.15
1516.72	0.00	0.15
1517.22	0.00	0.15
1517.72	0.00	0.15
1518.22	0.00	0.10
1518.72	0.00	0.10
1519.22	0.00	0.10
1519.72	0.00	0.10
1520.22	0.00	0.10
1520.72	0.00	0.10
1521.22	0.00	0.10
1521.72	0.00	0.10
1522.22	0.00	0.10
1522.72	0.00	0.10
1523.22	0.00	0.10
1523.72	0.00	0.10
1524.22	0.00	0.10
1524.72	0.00	0.10
1525.22	0.00	0.10
1525.72	0.00	0.10
1526.22	0.00	0.15
1526.72	0.00	0.10
1527.22	0.00	0.15
1527.72	0.00	0.15
1528.22	0.05	0.15
1528.72	0.00	0.15
1529.22	0.05	0.15
1529.72	0.00	0.15
1530.22	0.05	0.15
1530.72	0.00	0.15
1531.22	0.05	0.20
1531.72	0.05	0.15
1532.22	0.05	0.20
1532.72	0.05	0.15
1533.22	0.05	0.20
1533.72	0.05	0.20
1534.22	0.05	0.20
1534.72	0.05	0.20
1535.22	0.05	0.20
1535.72	0.05	0.20
1536.22	0.05	0.20
1536.72	0.05	0.20
1537.22	0.05	0.20
1537.72	0.05	0.20
1538.22	0.05	0.20
1538.71	0.05	0.20
1539.22	0.05	0.20
1539.72	0.05	0.15
1540.22	0.05	0.20
1540.72	0.05	0.20
1541.22	0.05	0.20
1541.72	0.05	0.20
1542.22	0.05	0.20
1542.72	0.05	0.20
1543.22	0.05	0.20
1543.72	0.05	0.20
1544.22	0.05	0.20
1544.72	0.05	0.20
1545.22	0.05	0.20
1545.72	0.05	0.20
1546.22	0.05	0.20
1546.72	0.05	0.20
1547.22	0.05	0.20
1547.71	0.05	0.20
1548.22	0.05	0.20
1548.72	0.05	0.20
1549.22	0.05	0.20
1549.71	0.05	0.15
1550.22	0.05	0.15
1550.72	0.05	0.15
1551.22	0.05	0.15
1551.72	0.05	0.15
1552.22	0.05	0.15
1552.71	0.00	0.15
1553.22	0.00	0.15
1553.72	0.00	0.15
1554.22	0.00	0.15
1554.72	0.00	0.15
1555.22	0.00	0.15
1555.72	0.00	0.15
1556.22	0.00	0.15
1556.72	0.00	0.15
1557.22	0.00	0.15
1557.72	0.00	0.15
1558.22	0.00	0.15
1558.71	0.00	0.15
1559.22	0.00	0.15
1559.72	0.00	0.15
1560.22	0.00	0.15
1560.72	0.00	0.15
1561.22	0.00	0.15
1561.72	0.00	0.15
1562.22	0.00	0.15
1562.72	0.00	0.15
1563.22	0.00	0.15
1563.71	0.00	0.15
1564.22	0.00	0.15
1564.72	0.00	0.15
1565.22	0.00	0.10
1565.72	0.00	0.10
1566.22	0.00	0.10
1566.72	0.00	0.10
1567.22	0.00	0.10
1567.72	0.00	0.10
1568.22	0.00	0.10
1568.72	0.00	0.10
1569.22	0.00	0.10
1569.72	0.00	0.10
1570.22	0.00	0.10
1570.72	0.00	0.15
1571.22	0.00	0.10
1571.72	0.00	0.15
1572.22	0.00	0.15
1572.71	0.00	0.15
1573.22	0.00	0.15
1573.71	0.00	0.15
1574.22	0.00	0.15
1574.72	0.00	0.15
1575.22	0.00	0.15
1575.71	0.00	0.15
1576.22	0.00	0.15
1576.71	0.00	0.15
1577.22	0.00	0.15
1577.72	0.00	0.15
1578.22	0.00	0.15
1578.72	0.00	0.15
1579.24	0.00	0.15
1579.73	0.00	0.15
1580.22	0.00	0.15
1580.73	0.00	0.20
1581.22	0.00	0.20
1581.72	0.00	0.20
1582.22	0.00	0.20
1582.71	0.00	0.20
1583.22	0.00	0.24
1583.73	0.00	0.24
1584.24	0.00	0.24
1584.73	0.00	0.24
1585.22	0.00	0.24
1585.72	0.00	0.24
1586.22	0.00	0.24
1586.72	0.00	0.24
1587.22	0.00	0.24
1587.71	0.00	0.29
1588.22	0.00	0.24
1588.72	0.00	0.24
1589.22	0.00	0.29
1589.72	0.05	0.24
1590.22	0.05	0.24
1590.72	0.00	0.24
1591.22	0.05	0.24
1591.72	0.00	0.24
1592.22	0.05	0.24
1592.72	0.00	0.24
1593.22	0.00	0.24
